9.506909027480718066e+01 9.315707728608235527e+01
9.364855904548394960e+01 9.152480922166549249e+01
9.506909027480718066e+01 9.315707728608235527e+01
9.688497406649062782e+01 9.757002812583164086e+01
9.869163563077214008e+01 1.014940466695817918e+02
1.175067215349529732e+02 1.238286636763478725e+02
1.930594437777114649e+02 1.786785598306383349e+02
2.458594628098163639e+02 2.354739488516055985e+02
2.568970017927330218e+02 2.308060033776634441e+02
3.288462467587850711e+02 2.346144885930343662e+02
3.065853929100256323e+02 2.498513771654567961e+02
2.586690508709857568e+02 2.225993832729559472e+02
2.878374359836213898e+02 2.497234507156766199e+02
2.582329155308156032e+02 3.316740645621072190e+02
2.290508859789233895e+02 3.368485243413932153e+02
3.092386792015101946e+02 2.618226162615308112e+02
2.895621047257458258e+02 2.099966808301736023e+02
2.334588318146630854e+02 2.055460977227929504e+02
2.321249225823775646e+02 2.213185799342440419e+02
1.811015291699528404e+02 2.249814995711685128e+02
1.954280137075253094e+02 2.501291579052716827e+02
1.703267255746903572e+02 3.076159914649814482e+02
1.830801967212968862e+02 3.369600704710844639e+02
2.081984057378926707e+02 3.226745692660009013e+02
2.388670667422909730e+02 3.106996533238709048e+02
2.773335934305487172e+02 2.639544360552492890e+02
2.714035842888513912e+02 2.043923364814951356e+02
2.548696171748034089e+02 2.097350753548153932e+02
2.227551195325577282e+02 2.148623029624363028e+02
2.241586780752614345e+02 2.181507675887228288e+02
2.430364488729615857e+02 2.107728208629366691e+02
2.728161514817876991e+02 1.874634285159069975e+02
2.837443537206429482e+02 1.780554776141328261e+02
2.609108929907953325e+02 1.659704188561783837e+02
2.425581910562491430e+02 1.776972192519197336e+02
2.505286454182355840e+02 2.062592699680980388e+02
2.496027894401462106e+02 2.455440870832279643e+02
2.336272998787937638e+02 2.625554021946715579e+02
2.013063339577081479e+02 2.532196953688639951e+02
1.609109309956038771e+02 2.462806759940341692e+02
1.568886450939631061e+02 2.434882503736970136e+02
1.569340172082042386e+02 2.227634623945489523e+02
1.575879911680622172e+02 1.921469408926047890e+02
1.660225629553851832e+02 1.669758965904097181e+02
1.726002219289092636e+02 1.516541884341124273e+02
1.741972333509280020e+02 1.481189004724685958e+02
1.556293590481890874e+02 1.502594947379255359e+02
1.369190233871661917e+02 1.478651440393439884e+02
1.228721857928068744e+02 1.428026645262813474e+02
1.093434761854829134e+02 1.307229805214757334e+02
9.771403448108991086e+01 1.168888194913724874e+02
9.945153330847664108e+01 1.041667884936045283e+02
1.008317972686704991e+02 9.363896197325122728e+01
1.005180781590718766e+02 8.631307808931494208e+01
1.017693688293075667e+02 8.334115918821582625e+01
1.067337524180989590e+02 8.394647223730470387e+01
1.082876412296287327e+02 8.522487802809179414e+01
1.124258565379124661e+02 8.410583647315546330e+01
1.137144986605249812e+02 7.927054748061583211e+01
1.105651926138081080e+02 7.847898739349624009e+01
1.038467356758784206e+02 7.756934476040848381e+01
9.479788480666032058e+01 7.536030686004511381e+01
8.472909341622539614e+01 7.213933218652515222e+01
7.481230624629307613e+01 7.038643287801380666e+01
6.798517944789948331e+01 7.502385656017438009e+01
7.551422463247041605e+01 7.714369444483327243e+01
8.054049788812849897e+01 8.003832474941893338e+01
8.326116282735807772e+01 8.572938308160050269e+01
8.400110891044320738e+01 8.888186404234373583e+01
8.312771783121837643e+01 8.954771216402744471e+01
8.133942762457397180e+01 8.790038827348575978e+01
7.870377191815791207e+01 8.721868167146985229e+01
7.490751049806172546e+01 8.939848023551896006e+01
7.303241590700073971e+01 8.996913764003254244e+01
7.098689184604302227e+01 8.913488269374461481e+01
6.828805940970417510e+01 8.704399966623424234e+01
6.526588079101146889e+01 8.390241400019144180e+01
6.226113112421786155e+01 7.982314349324801128e+01
5.934877045930527117e+01 7.495983630388280972e+01
5.662145673689874315e+01 6.944810831691941644e+01
5.412984220835051730e+01 6.339965207827128779e+01
5.173269012535443068e+01 5.986515983905027838e+01
4.915860922220060303e+01 5.872260326764677529e+01
4.630797374250408183e+01 5.714401114565896478e+01
4.323954287260647078e+01 5.521154520771176522e+01
4.012712015843776925e+01 5.307231983719856316e+01
3.707994682374469875e+01 5.078410962389069994e+01
3.427821934657527692e+01 4.847132144649373231e+01
3.184474427442160760e+01 4.616948915897734196e+01
2.980563785011805322e+01 4.393088349231112488e+01
2.814878892069987870e+01 4.180435185871399995e+01
2.681097506060883262e+01 3.976839037300469926e+01
2.570114709437803668e+01 3.784737217663410291e+01
2.472392965782501761e+01 3.600646342945168499e+01
2.379845011023076751e+01 3.425825191756820232e+01
2.286985283205013531e+01 3.254783888523337509e+01
2.200974769780920681e+01 3.088327400807314405e+01
2.166197522850249158e+01 2.924654731008580200e+01
2.119421571874080001e+01 2.833715436814131294e+01
2.054404631797985559e+01 2.752549848427483425e+01
1.964601835829474652e+01 2.672660576117218056e+01
1.937479914140387649e+01 2.592725032584607447e+01
1.948967179843971564e+01 2.511691687531114781e+01
1.929728862036978754e+01 2.428783991756912997e+01
1.895872538422826636e+01 2.343496947345769854e+01
1.870074839328779603e+01 2.256027351023760730e+01
1.845611863449133239e+01 2.166948871407259958e+01
1.825839715572644550e+01 2.075317471143591774e+01
1.808650552849035975e+01 1.981550317764560987e+01
1.788675187518657950e+01 1.886240703110672712e+01
1.764328015937692484e+01 1.790124269524960710e+01
1.717957537259220402e+01 1.694041854420959226e+01
1.641733081702144403e+01 1.635982180433868649e+01
1.570297121504233750e+01 1.629042662210688519e+01
1.594881750486395866e+01 1.619595352444432734e+01
1.608711750946937258e+01 1.607308165992001392e+01
1.609817694544286582e+01 1.592606074590069909e+01
1.600306977203537073e+01 1.575016430343360696e+01
1.581366023069348259e+01 1.554157574779922868e+01
1.555054761050906720e+01 1.530063274912684790e+01
1.524368273886012659e+01 1.502849782672409162e+01
1.493095380765650759e+01 1.472706829257684547e+01
1.462945122279613486e+01 1.439887360192368249e+01
1.435758472153331411e+01 1.404813490559416067e+01
1.412766861435959242e+01 1.368329206118067276e+01
1.394386639456153887e+01 1.330110587401434685e+01
1.380271572790950074e+01 1.290547879088551753e+01
1.369443027027720916e+01 1.250040530787367032e+01
1.360471437201969991e+01 1.208987450704733391e+01
1.351681525111841609e+01 1.167778265212466948e+01
1.341572828880885737e+01 1.126785707144920679e+01
1.329026443137491498e+01 1.086359203326258438e+01
1.312127206773516974e+01 1.046819685449411708e+01
1.289936688792159458e+01 1.008455608322349661e+01
1.261950103433628811e+01 9.715201264895704014e+00
1.228107715409897338e+01 9.362293539473675708e+00
1.188767279688796208e+01 9.027616122998033177e+00
1.145128494257436103e+01 8.712575591591239288e+00
1.097910906494483640e+01 8.418210808471876305e+00
1.047954205544304784e+01 8.145208302116706989e+00
9.965337072287624665e+00 7.893922913208761827e+00
9.449392135570164442e+00 7.664402568694121953e+00
8.943960873032423819e+00 7.465305038777877655e+00
8.460004048257800946e+00 7.318066359824378253e+00
8.006704770999235166e+00 7.156660576906951121e+00
7.591154483582826629e+00 6.984577696121313295e+00
7.218203663578592000e+00 6.827118093424296319e+00
6.890461108097710508e+00 6.715702007031431719e+00
6.612747342930987315e+00 6.621316606334843868e+00
6.470654273762619368e+00 6.543195565014670478e+00
6.312989092966489579e+00 6.478188835977547910e+00
6.147174357405646106e+00 6.424886679894811436e+00
6.009476783104034325e+00 6.381883170444311304e+00
5.915911517682431509e+00 6.347794213376786843e+00
5.805777256991902391e+00 6.321273172225559733e+00
5.681112499377647396e+00 6.301024150070574592e+00
5.590578483064980730e+00 6.285813013304036190e+00
5.567004660894689039e+00 6.274476272805699750e+00
5.636461028592769651e+00 6.265927959358563726e+00
5.667108134364546856e+00 6.259164646322901149e+00
5.660204432614566628e+00 6.253268782446397722e+00
5.620380821220212653e+00 6.247410503204704924e+00
5.551073035854958704e+00 6.240848090353651401e+00
5.459972625130692592e+00 6.232927247376196078e+00
5.354839200684043732e+00 6.223079353627312571e+00
5.242300408243043108e+00 6.210818853057830324e+00
5.128616949698443506e+00 6.195739924765788942e+00
5.077929736903087132e+00 6.177512572751751918e+00
5.091717859766248466e+00 6.155878261515212557e+00
5.102220754551780146e+00 6.130645213192551068e+00
5.107521109625821509e+00 6.101683470362772255e+00
5.106011477567989232e+00 6.068919817558693808e+00
5.096409677912305369e+00 6.032332643484991763e+00
5.077762046534616047e+00 5.991946815112882518e+00
5.049436302749626293e+00 5.947828625154656379e+00
5.011105854398664405e+00 5.900080864316791462e+00
4.962727336114511445e+00 5.848838061499449736e+00
4.904513090337076164e+00 5.794261926611838476e+00
4.836900171898122380e+00 5.736537023313289296e+00
4.760517297735731290e+00 5.675866692427902649e+00
4.676150986215560579e+00 5.612469240691993377e+00
4.585404975476166101e+00 5.546574404229417610e+00
4.488850877007479312e+00 5.478420091470511011e+00
4.387150506830238328e+00 5.408249406411400173e+00
4.281393556123674671e+00 5.336307949367423475e+00
4.172679765407764307e+00 5.262841389731860886e+00
4.062096050934059122e+00 5.188093302861929601e+00
3.950696676602973412e+00 5.112303260955727069e+00
3.839486503518372729e+00 5.035705166706506475e+00
3.729407264907848685e+00 4.958525817025460469e+00
3.621326746905623395e+00 4.880983683415237806e+00
3.538283492636248084e+00 4.803287894737863439e+00
3.474023861448467088e+00 4.725637408528641004e+00
3.401846975068664847e+00 4.648220355811176319e+00
3.406473649872438614e+00 4.571213545495069752e+00
3.402614438980876344e+00 4.494782113970799742e+00
3.391668969869940042e+00 4.419079306358966619e+00
3.375253775443965765e+00 4.344246375677798255e+00
3.355000496401075338e+00 4.270412587673931171e+00
3.332378543002036508e+00 4.197695318736336390e+00
3.308894499389278820e+00 4.126200235663858962e+00
3.285647665205313928e+00 4.056021546104588538e+00
3.262285264179521249e+00 3.987242310042788063e+00
3.238709050761482189e+00 3.919934802283009390e+00
3.214416780676966567e+00 3.854160917885550930e+00
3.188574246104391108e+00 3.789972611868492436e+00
3.160110734763403428e+00 3.727412366476514194e+00
3.127827559453177031e+00 3.666513678872874493e+00
3.133475489531704739e+00 3.607301563431505542e+00
3.137863505466341962e+00 3.549793063272304039e+00
3.134215705761292270e+00 3.493997766043761999e+00
3.121416095176485328e+00 3.439918319726970708e+00
3.098580184792311343e+00 3.387550944789822438e+00
3.065125897696773904e+00 3.336885939297175696e+00
3.020819739596802833e+00 3.287908174063417732e+00
2.966744743185305566e+00 3.240597575646901873e+00
2.902854060360201771e+00 3.194929594926620098e+00
2.931590202927516486e+00 3.150875659690413499e+00
2.953826740070510937e+00 3.108403609861838390e+00
2.968482416954842051e+00 3.067478114141962919e+00
2.974437854237365286e+00 3.028061067417169738e+00
2.971750197151848738e+00 2.991174687220791384e+00
2.960718919952981310e+00 2.963606185713615560e+00
2.941857135997636874e+00 2.935756825725547969e+00
2.915855670377212050e+00 2.907702684884952760e+00
2.883651155263606825e+00 2.879516378550761146e+00
2.846892511330025854e+00 2.851266898413086892e+00
2.805639880014297205e+00 2.823019489867419907e+00
2.760874646555208756e+00 2.794835564811364748e+00
2.713554632870710748e+00 2.766772646949902992e+00
2.664581838485020171e+00 2.738884346646955237e+00
2.614775959962031493e+00 2.711220362353742530e+00
2.568555445310920504e+00 2.683826506015520863e+00
2.567412444794371140e+00 2.656744749841436715e+00
2.565069002255057740e+00 2.630013291811792442e+00
2.561520555731220838e+00 2.603666637819515017e+00
2.556772871614356291e+00 2.577735698098877037e+00
2.550841076151499465e+00 2.552247895972413971e+00
2.543748702528063177e+00 2.527227286979723431e+00
2.535526760228748344e+00 2.505452391339517249e+00
2.526212832465006386e+00 2.486605231418238304e+00
2.515850206358862806e+00 2.468320998368184860e+00
2.504487040034035772e+00 2.450788153402733371e+00
2.492175569586123629e+00 2.433848038903285271e+00
2.478971358538927916e+00 2.417353127403181645e+00
2.464932591539962914e+00 2.401270523086147080e+00
2.450119413501141707e+00 2.385568759660124272e+00
2.434593315018645399e+00 2.370217800235856487e+00
2.418416564137459090e+00 2.355189031597070937e+00
2.401651684416918897e+00 2.340455253503911592e+00
2.384360978740204473e+00 2.325990663446170004e+00
2.366606098021037496e+00 2.311770837373366305e+00
2.348447653574311289e+00 2.297772706757292838e+00
2.329944872114282362e+00 2.283974532585467898e+00
2.311155291475387230e+00 2.270355876440568466e+00
2.292134495570934405e+00 2.256897569277931836e+00
2.272935886820704354e+00 2.243581678047554817e+00
2.253610493930153780e+00 2.230391470579412783e+00
2.234206813202689546e+00 2.217311379045419528e+00
2.214770681373209982e+00 2.204326962181745841e+00
2.195345177724192354e+00 2.191424866665762750e+00
2.175970553620317105e+00 2.178592787677168019e+00
2.156684187243371298e+00 2.165819429091222048e+00
2.137520561700256394e+00 2.153094463340927689e+00
2.118511264227180391e+00 2.140408491146423842e+00
2.099685004794281440e+00 2.127753001322140847e+00
2.081067652145264901e+00 2.115120330795868142e+00
2.062682285297995577e+00 2.102503624928864667e+00
2.044549259047215628e+00 2.089896798325277416e+00
2.026686281483961238e+00 2.077294496121318446e+00
2.009108502131965679e+00 2.064692056037962686e+00
1.991828609072143763e+00 2.052085471011629636e+00
1.974856933715471996e+00 2.039471352755278133e+00
1.958201561906861343e+00 2.026846896143048582e+00
1.941868449740212554e+00 2.014209844404810212e+00
1.925861543632635176e+00 2.001558455450755503e+00
1.910182902743798650e+00 1.988891469047281646e+00
1.894832823389350551e+00 1.976208075068804249e+00
1.879809964145550794e+00 1.963507882800037407e+00
1.865111470984373909e+00 1.950790891249631898e+00
1.850733101633267097e+00 1.938057460604319715e+00
1.836669348425601811e+00 1.925308284681683801e+00
1.822913559110673987e+00 1.912544364511155948e+00
1.809458055071189619e+00 1.899766982999587128e+00
1.796294246299311226e+00 1.886977680594988271e+00
1.783412743061234096e+00 1.874178232083046680e+00
1.770803463450391746e+00 1.861370624372263194e+00
1.758455737005732544e+00 1.848557035406408033e+00
1.746408285445170350e+00 1.837974511272932432e+00
1.734678669070774504e+00 1.830244946607308520e+00
1.723174070544530423e+00 1.822546273864645627e+00
1.711882337758027006e+00 1.814871296343426366e+00
1.700791190058055236e+00 1.807213259810396266e+00
1.689888292501848355e+00 1.799565844488824951e+00
1.679161325061897969e+00 1.791923156261418626e+00
1.668598046796716972e+00 1.784279717232493567e+00
1.658186355042118976e+00 1.776630455674876430e+00
1.647914339660758287e+00 1.768970695446569152e+00
1.637770332588672773e+00 1.761296145026335580e+00
1.627742952683377098e+00 1.753602886133194261e+00
1.617821145813934436e+00 1.745887362030316581e+00
1.607994220876946656e+00 1.738146365650209191e+00
1.598251881213229808e+00 1.730377027447957516e+00
1.588584252195062163e+00 1.722576803156243841e+00
1.578981904725708318e+00 1.714743461485340958e+00
1.569435875066858443e+00 1.706875071691229095e+00
1.559937681106760010e+00 1.699072147351991191e+00
1.550479335214106413e+00 1.691283292222898638e+00
1.541053353956897354e+00 1.683452708596497871e+00
1.531652764790408128e+00 1.675579635939222101e+00
1.522271109968926339e+00 1.667663550524004279e+00
1.512902447800854588e+00 1.659704153554550032e+00
1.503541351504111390e+00 1.651701359332811592e+00
1.494182905777790893e+00 1.643655283801628286e+00
1.484822701334735484e+00 1.635566233162855099e+00
1.475456827525533754e+00 1.627434692860653342e+00
1.466081863200372482e+00 1.619261316662552019e+00
1.456694866042937520e+00 1.611046916155238762e+00
1.447293360484593450e+00 1.602792450436346883e+00
1.437875324356639339e+00 1.594499016051351248e+00
1.428439174459356309e+00 1.586167837337463027e+00
1.418983751113330527e+00 1.577800256904858145e+00
1.409508301928156015e+00 1.569397726562648643e+00
1.400012464877647744e+00 1.560961798453583071e+00
1.390496250651551691e+00 1.552494116498884580e+00
1.380960024744410930e+00 1.543996408216891325e+00
1.371404489029657725e+00 1.535470476746787938e+00
1.361830663073590131e+00 1.526918193233406384e+00
1.352239865383410233e+00 1.518341489518526544e+00
1.342633694413336798e+00 1.509742351084106815e+00
1.333014009740793426e+00 1.501122810366133820e+00
1.323382913165744412e+00 1.492484940264922955e+00
1.313742730036494777e+00 1.483830848012850367e+00
1.304095990753296519e+00 1.475162669306747887e+00
1.294445412582092558e+00 1.466482562751345142e+00
1.284793881658345072e+00 1.457792704450049825e+00
1.275144435500180862e+00 1.449095283037287629e+00
1.265500245866689966e+00 1.440392494842718918e+00
1.255864602050507983e+00 1.431686539425164995e+00
1.246240894592858695e+00 1.422979615152463850e+00
1.236632599707093050e+00 1.414273915310651830e+00
1.227043263919597393e+00 1.405571624149025922e+00
1.217476489590637811e+00 1.396874913417242681e+00
1.207935920751253889e+00 1.388185938928792496e+00
1.198425229640463385e+00 1.379506837452801449e+00
1.188948103863197048e+00 1.370839723751352324e+00
1.179508234025718139e+00 1.362186687850545752e+00
1.170109302111370653e+00 1.353549792497098281e+00
1.160754970419759502e+00 1.344931070808208062e+00
1.151448871053446510e+00 1.336332524092860297e+00
1.142194596063120571e+00 1.327756119789547995e+00
1.132995688305811655e+00 1.319203789752783962e+00
1.123855632615061495e+00 1.310677428428654423e+00
1.114777847896959884e+00 1.302178891441009512e+00
1.108149456516059672e+00 1.293709994169468303e+00
1.103197184083057891e+00 1.285272510479309460e+00
1.098237440858213176e+00 1.276868171685556774e+00
1.093270112557149787e+00 1.268498665534345093e+00
1.088295145298445732e+00 1.260165635346631063e+00
1.083312542650276100e+00 1.251870679326067659e+00
1.078322362746405361e+00 1.243615349851872054e+00
1.073324715489036407e+00 1.235401153039539679e+00
1.068319759794178481e+00 1.227229548296556061e+00
1.063307700889311036e+00 1.219101947969512878e+00
1.058288787736557879e+00 1.211019717135833673e+00
1.053263310432896560e+00 1.202984173455980965e+00
1.048231597768392476e+00 1.194996587087054252e+00
1.043194014808307202e+00 1.187058180709165356e+00
1.038150960518180455e+00 1.179170129573641645e+00
1.033102865513740198e+00 1.171333561701295878e+00
1.028050189850603147e+00 1.163549558015667174e+00
1.022993420882414739e+00 1.155819152670439109e+00
1.017933071170830317e+00 1.148143333351846707e+00
1.012869676524189799e+00 1.140523041642474311e+00
1.007803794008907516e+00 1.132959173436894673e+00
1.002736000118204629e+00 1.125452579455988200e+00
9.976668889517554817e-01 1.118004065698961824e+00
9.925970704521773769e-01 1.110614393974948655e+00
9.875271687943154575e-01 1.103284282554660933e+00
9.824578207158651821e-01 1.096014406732457758e+00
9.773896739848737525e-01 1.088805399486183489e+00
9.723233858954358766e-01 1.081657852098352635e+00
9.672596218807143487e-01 1.074572314924672867e+00
9.621990541059517454e-01 1.067549298047971718e+00
9.571423601801711811e-01 1.060589272053995558e+00
9.520902218833384723e-01 1.053692668721716075e+00
9.470433239840190254e-01 1.046859881875981557e+00
9.420023530975072390e-01 1.040091268104198718e+00
9.369679965630552942e-01 1.033387147545319351e+00
9.319409414561619087e-01 1.026747804712933032e+00
9.269218735703930179e-01 1.020173489328364269e+00
9.219114764710525378e-01 1.013664417066912904e+00
9.169104306402573457e-01 1.007220770449158920e+00
9.119194125883609559e-01 1.000842699614487685e+00
9.069390941127153383e-01 9.945303231814719425e-01
9.019701414727592237e-01 9.882837290323109869e-01
8.970132147738354433e-01 9.821029751954952758e-01
8.920689672009416427e-01 9.759880906152389457e-01
8.871380444516603347e-01 9.699390760027668534e-01
8.822210841399851233e-01 9.639559046675927334e-01
8.773187152447121662e-01 9.580385232860422207e-01
8.724315575601053752e-01 9.521868527475376709e-01
8.675602213002662211e-01 9.464007889822383390e-01
8.627053065447967128e-01 9.406802036504373632e-01
8.578674029591297767e-01 9.350249450847982757e-01
8.530470892665675819e-01 9.294348389329130100e-01
8.482449330613803795e-01 9.239096890204123724e-01
8.434614903531496566e-01 9.184492780621908992e-01
8.386973053607675865e-01 9.130533684386605842e-01
8.339529102323126608e-01 9.077217029556337025e-01
8.292288247653800681e-01 9.024540055014327322e-01
8.245255562929401094e-01 8.972499818804422489e-01
8.198435993941188826e-01 8.921093204088279549e-01
8.151834358291694116e-01 8.870316927412673635e-01
8.105455342916343398e-01 8.820167544202845988e-01
8.059303504060721934e-01 8.770641456365879662e-01
8.013383265552533885e-01 8.721734919011865372e-01
7.967698918092196436e-01 8.673444046197360535e-01
7.922254619025466127e-01 8.629674053681384294e-01
7.877054391533988564e-01 8.615614326217411190e-01
7.832102124721700420e-01 8.601873095394267921e-01
7.787401573355623441e-01 8.588436558711265434e-01
7.742956357947718971e-01 8.575291184287863189e-01
7.698769964991356574e-01 8.562423711527600290e-01
7.654845747356944230e-01 8.549821152209489128e-01
7.611186924719390845e-01 8.537470790178787183e-01
7.567796584490338319e-01 8.525360181765364587e-01
7.524677681790876704e-01 8.513477155647279915e-01
7.481833041211416457e-01 8.501809811932190541e-01
7.439265357316457994e-01 8.490346521620750764e-01
7.396977195372187452e-01 8.479075926151864451e-01
7.354970993151823677e-01 8.467986935556410799e-01
7.313249061576811982e-01 8.457068727547749631e-01
7.271813586685880182e-01 8.446310745775491569e-01
7.230666630212567725e-01 8.435702698552205447e-01
7.189810131667968562e-01 8.425234556261358421e-01
7.149245909654950992e-01 8.414896550129498110e-01
7.108975663155092661e-01 8.404679169506863445e-01
7.069000973688730483e-01 8.394573159921066008e-01
7.029323306765604684e-01 8.384569520103042350e-01
6.989944013440094750e-01 8.374659500195349437e-01
6.955127335190915971e-01 8.364834598359749407e-01
6.922594749928627778e-01 8.355086558539852604e-01
6.889936228765343174e-01 8.345407367314265912e-01
6.870934965918067405e-01 8.335789250977114762e-01
6.857501348794912133e-01 8.326224672427571250e-01
6.844328012161540187e-01 8.316706328368610457e-01
6.831401706726509815e-01 8.307227145605367014e-01
6.818709455341931402e-01 8.297780278225701522e-01
6.806238555904755572e-01 8.288359104053171222e-01
6.793976583157572691e-01 8.278957221481988427e-01
6.781911390262038708e-01 8.269568445911801291e-01
6.770031110467797930e-01 8.260186806264329107e-01
6.758324157762771733e-01 8.250806541709181374e-01
6.746779227705346216e-01 8.241422098034973942e-01
6.735385297769980184e-01 8.232028123974970413e-01
6.724131627269898104e-01 8.222619468023850686e-01
6.713007757066051795e-01 8.213191174445029219e-01
6.702003509362484124e-01 8.203738479923714522e-01
6.691108986542175785e-01 8.194256810074449504e-01
6.680314570007439556e-01 8.184741775421144894e-01
6.669610919129453919e-01 8.175189168359366931e-01
6.658988969793071533e-01 8.165594959099991001e-01
6.648439932495975313e-01 8.155955292294976289e-01
6.637955289979444728e-01 8.146266483499431388e-01
6.627526796027822797e-01 8.136525015379021397e-01
6.617146472144312952e-01 8.126727534390312258e-01
6.606806605677419952e-01 8.116870847124602051e-01
6.596499746787785057e-01 8.106951916842746186e-01
6.586218705806103912e-01 8.096967859809893753e-01
6.575956550172676884e-01 8.086915942057686379e-01
6.565706601581595692e-01 8.076793575782659218e-01
6.555462431787972832e-01 8.066598316026585280e-01
6.545217860861711756e-01 8.056327856847502744e-01
6.534966952394469786e-01 8.045980029036883252e-01
6.524704010252762032e-01 8.035552795226550415e-01
6.514423575403824884e-01 8.025044248106070199e-01
6.504120421631895965e-01 8.014452606075366248e-01
6.493789552118514052e-01 8.003776210707229666e-01
6.483426195122419244e-01 7.993013523045675583e-01
6.473025800518925621e-01 7.982163120677370216e-01
6.462584035661720350e-01 7.971223694875817500e-01
6.452096780999099224e-01 7.960194046881525765e-01
6.441560126558769639e-01 7.949073085682840656e-01
6.430970367518611397e-01 7.937859824350681492e-01
6.420324000009358656e-01 7.926553377310057158e-01
6.409617717131013137e-01 7.915152957602487049e-01
6.398848404669124079e-01 7.903657873675484780e-01
6.388013136824710614e-01 7.892067527199770893e-01
6.377109172226127498e-01 7.880381409367629431e-01
6.366133949477088549e-01 7.868599099010253894e-01
6.355085083109415223e-01 7.856720259350851165e-01
6.343960359453930664e-01 7.844744635821854217e-01
6.332757731879254948e-01 7.832672052981735078e-01
6.321475317576741304e-01 7.820502412286742810e-01
6.310111392535517894e-01 7.808235689635267818e-01
6.298664387740799953e-01 7.795871932539313320e-01
6.287132885108448477e-01 7.783411258278221112e-01
6.275515613324031960e-01 7.770853850870054202e-01
6.263811443718267924e-01 7.758199959279892255e-01
6.252019386115179600e-01 7.745449894982385786e-01
1.828884950800313902e+02 2.517280769605735316e+02
1.798792137779111044e+02 2.478781738183799064e+02
1.828884950800313902e+02 2.517280769605735316e+02
1.922804873152496725e+02 2.618328570456845910e+02
2.016715445337894153e+02 2.817120145384473062e+02
2.270136862995628348e+02 3.386740139056074099e+02
3.537506945447097451e+02 4.517434453330431552e+02
4.222264106913472688e+02 6.514408328884991306e+02
6.395046290180382584e+02 7.581619526931714290e+02
5.878433886549461249e+02 7.690870544871216907e+02
5.699082930609125697e+02 9.463406389721837968e+02
5.335102327875691799e+02 9.259208991619863127e+02
5.736199598850053007e+02 8.904457375565729080e+02
5.473059838709991709e+02 6.375331384399770513e+02
4.285481145457430898e+02 7.257319158365551175e+02
4.083759334687376850e+02 6.322560982590853200e+02
4.669512415618947898e+02 5.770998509197369231e+02
4.427795076900082449e+02 4.435302004543394219e+02
4.023539455186388523e+02 4.243022485459704285e+02
4.143552149875654322e+02 4.969889246786557351e+02
3.964426465315334553e+02 4.749982934087827289e+02
4.937955929183997341e+02 5.032439951923472563e+02
5.677434714620196701e+02 5.194464597217057644e+02
5.505829236032348035e+02 6.130987417250140652e+02
5.166275489312895388e+02 7.003958463341673450e+02
4.304770323396514300e+02 6.124516485190373487e+02
3.707584687741018001e+02 4.598585160215689029e+02
3.693252936909796063e+02 4.479927625284947794e+02
3.896902441868413689e+02 4.698323107015020810e+02
4.821763127189354350e+02 4.847002749211902710e+02
5.407369325149331871e+02 5.133333903692505373e+02
5.229760401279476127e+02 5.738325306200222258e+02
4.483237038583685603e+02 6.303594687211837027e+02
3.713263439190857866e+02 6.711095567705710891e+02
3.156753058756543737e+02 6.789130702293731474e+02
2.815906677908333222e+02 6.651156977024810431e+02
2.673896691253146400e+02 6.388913962341246133e+02
2.485530909960488657e+02 6.207011868099448293e+02
2.265462188438386875e+02 5.967176129002546077e+02
2.173156882693340890e+02 5.717062965644556698e+02
2.419598452743189796e+02 5.479083334451757992e+02
2.610636307719824458e+02 5.205808493899180576e+02
2.769377748381983224e+02 4.865107703510315105e+02
2.888369264933515410e+02 4.445479252069530958e+02
2.996413676633213754e+02 3.967541976114152931e+02
3.081812660004320605e+02 3.537181269435529885e+02
3.065098950388492085e+02 3.280400966276078520e+02
2.906638952795133832e+02 3.155356734394626415e+02
2.646026809822069481e+02 3.171181967447982402e+02
2.456007042623816972e+02 3.278422943984991775e+02
2.275025465667972071e+02 3.392807361998131341e+02
2.093900323269676278e+02 3.453831616381814911e+02
1.959058093418187241e+02 3.431982240771799297e+02
2.033066343246409531e+02 3.454345403094100107e+02
2.134114390354206989e+02 3.461200735545397720e+02
2.218945746388371276e+02 3.385526867333319387e+02
2.233884981369858451e+02 3.228739322516242964e+02
2.235464062502962861e+02 2.982907991052140915e+02
2.196851063788070633e+02 2.719770019459298851e+02
2.105053302826148638e+02 2.611199534608660429e+02
1.986122235015075148e+02 2.438097814745884193e+02
1.859429801839741572e+02 2.233689475930652009e+02
1.732108526487708957e+02 2.034233912917379143e+02
1.603226088866952352e+02 1.859329128457902129e+02
1.475040392185128439e+02 1.713484567455941772e+02
1.354679200762893743e+02 1.596760836289002157e+02
1.249094131819219484e+02 1.504563435025964111e+02
1.158628764411650565e+02 1.432186118605011700e+02
1.081858846151662448e+02 1.372434049961691755e+02
1.014953424072045465e+02 1.317321956389979789e+02
9.583808060323602263e+01 1.262332531204466761e+02
9.144626532681971298e+01 1.213237285424574594e+02
8.815659513582616569e+01 1.186326346983663171e+02
8.530563442709220112e+01 1.158458641868220127e+02
8.228520766126260355e+01 1.186154763026032271e+02
7.900203804443574995e+01 1.179635803837290950e+02
7.568849573494620131e+01 1.139930942238013074e+02
7.265569607224463766e+01 1.075591795868102167e+02
7.016086189588386901e+01 9.982221668821534877e+01
6.806919823717854001e+01 9.183192397065954538e+01
6.588259112239703086e+01 8.900999827318864277e+01
6.321341796169363647e+01 8.673689529132740006e+01
6.016960598361620782e+01 8.409833997953816720e+01
5.719941772315578987e+01 8.137122430513974791e+01
5.468363893226469941e+01 7.884229390954409666e+01
5.276163651538846011e+01 7.637853727353338229e+01
5.142106168772980368e+01 7.371306476774256566e+01
5.058380551343535103e+01 7.051983556333823344e+01
5.008476222853997228e+01 6.907386605507097954e+01
4.965016801496804533e+01 7.145635311433001391e+01
4.900743484572842590e+01 7.291881887854206923e+01
4.790268848619973596e+01 7.253722910864436813e+01
4.630350746832402820e+01 7.028686552817518418e+01
4.440178549910081074e+01 6.633634915388424247e+01
4.250111122724520385e+01 6.206367977539645153e+01
4.072189698283928294e+01 6.074693954652416039e+01
3.947012303954605272e+01 5.830186989166921308e+01
3.962118660340090059e+01 5.550407347108196632e+01
3.954727580093620531e+01 5.344026615377154599e+01
3.946420849538533560e+01 5.110271247009498552e+01
3.921650737903298989e+01 4.850744418486127074e+01
3.883882124157032933e+01 4.571673579810183696e+01
3.841044673550739219e+01 4.272076879131535065e+01
3.799899787338566881e+01 3.960760566386150572e+01
3.759426907598439271e+01 3.849864296726656221e+01
3.715586153701818972e+01 3.728201733407632901e+01
3.664294617151384870e+01 3.589605772303794140e+01
3.604256448370570354e+01 3.442720112201796212e+01
3.531453866639704131e+01 3.285517428019092279e+01
3.444687799386811378e+01 3.121777375942474464e+01
3.347068160091745881e+01 2.988786633629347023e+01
3.244565879394755825e+01 2.897933748887776062e+01
3.139914593723003122e+01 2.828850494876783728e+01
3.036497812025024245e+01 2.794511598273825825e+01
2.934977435760535514e+01 2.733955738451336970e+01
2.834585493108427556e+01 2.647265893943009019e+01
2.732938893752664455e+01 2.538333842697211651e+01
2.627959605320741332e+01 2.410141196352897452e+01
2.520134378501809636e+01 2.267333799119133175e+01
2.411629851320897444e+01 2.138417709202684591e+01
2.305561861695407799e+01 2.039225325654859944e+01
2.205141017424723771e+01 1.997563380081721718e+01
2.113029698556677261e+01 1.973684486836120655e+01
2.030978531831927114e+01 1.937786999449904002e+01
1.959657301092677528e+01 1.890101189815309013e+01
1.898605310904879673e+01 1.889858665734473675e+01
1.846311919833472359e+01 1.928448119001396321e+01
1.800483927162515840e+01 1.956618051568412398e+01
1.758511828232833807e+01 1.973225237991292147e+01
1.718045739961674201e+01 1.977784956861060550e+01
1.677510580397240858e+01 1.970594027418329119e+01
1.636387726861251224e+01 1.952688171549189633e+01
1.595172567587935930e+01 1.925660491554654641e+01
1.555040688717629394e+01 1.891414552260985715e+01
1.517358788559825200e+01 1.851928823242261046e+01
1.483215667013276118e+01 1.809081487818448863e+01
1.453115529198051092e+01 1.764548238569832961e+01
1.426895243162228155e+01 1.719759104173854780e+01
1.403839471327940203e+01 1.675890901922039689e+01
1.382907977203588246e+01 1.633876336658514106e+01
1.362976993434264728e+01 1.594420627148784320e+01
1.343000700462137331e+01 1.558024134528469062e+01
1.322117602304599870e+01 1.525011361815441546e+01
1.299625676614671477e+01 1.495563986732568651e+01
1.274958867416019359e+01 1.469751875848933764e+01
1.247655193447992872e+01 1.447554743643641473e+01
1.217363546624376625e+01 1.428869711295274669e+01
1.183890770582941343e+01 1.415579056084166609e+01
1.147271009517392315e+01 1.406590299451468695e+01
1.107827480063208725e+01 1.399116018062036915e+01
1.066197887981554970e+01 1.392834581255388571e+01
1.023306273899136443e+01 1.387236201464580176e+01
1.005722163255094870e+01 1.381684129565033459e+01
9.837564189727430630e+00 1.375497949047590396e+01
9.576653450378302068e+00 1.368043341868829543e+01
9.280273104801466388e+00 1.359055899369805331e+01
8.987345440697154686e+00 1.351057702807784722e+01
8.707741402379340911e+00 1.343889746585946909e+01
8.405908360542994728e+00 1.335939543728991907e+01
8.089954733504342244e+00 1.327351627645194299e+01
8.131261313390254486e+00 1.318295140031014512e+01
8.147151930812682963e+00 1.308909867799584958e+01
8.131561519162673335e+00 1.299265055796323054e+01
8.086002550975749159e+00 1.289337818688991888e+01
8.012501118134181866e+00 1.279013468655458041e+01
7.913241976294315805e+00 1.268105592881047983e+01
7.790400506004274916e+00 1.256390172704951169e+01
7.646128958527455666e+00 1.243646019962389460e+01
7.482636865046274011e+00 1.229693500867952594e+01
7.302298824297153601e+00 1.214424741580106115e+01
7.298998007511912078e+00 1.197820812369801047e+01
7.347701191992385361e+00 1.179954187895864948e+01
7.397720109864806659e+00 1.160977501492462238e+01
7.446655354461384491e+00 1.141101784130015062e+01
7.492351160571345758e+00 1.120568712921786414e+01
7.533004453152173596e+00 1.099621793325141539e+01
7.567234622896833685e+00 1.078480944202411251e+01
7.594104465102830659e+00 1.057323854067718116e+01
7.613093676761039319e+00 1.036276008720042796e+01
7.624035077702231433e+00 1.015409744090166555e+01
7.627029032483463311e+00 9.947513032156081181e+00
7.622353033350194096e+00 9.742938528924156572e+00
7.610381480717208547e+00 9.540138381516868549e+00
7.591526322217490019e+00 9.338879325383373953e+00
7.566203601697182535e+00 9.140333456909218057e+00
7.534825331900449896e+00 8.944187348353523248e+00
7.497811433879363108e+00 8.750319080427004792e+00
7.455613435067974137e+00 8.559597613806261052e+00
7.408740457671868285e+00 8.373194295097789563e+00
7.357778674284148224e+00 8.192504253090817201e+00
7.303397497903191038e+00 8.019041524148349254e+00
7.246338777511667217e+00 7.966734303508530957e+00
7.187388600209217770e+00 7.921496913301382392e+00
7.127334404385422317e+00 7.865222277918803684e+00
7.066912551754469973e+00 7.797904937787791368e+00
7.006753008400394833e+00 7.719899319213766375e+00
6.947328236232991117e+00 7.631886250575519171e+00
6.888912845716461675e+00 7.534818023149966848e+00
6.831559181687865134e+00 7.429849459877516438e+00
6.775092063557352162e+00 7.318262738806481593e+00
6.719123676552683833e+00 7.201393177110332999e+00
6.663087401885334771e+00 7.080562010390679006e+00
6.606287435951074372e+00 6.957020631203306493e+00
6.547959568444824185e+00 6.831909001977294338e+00
6.487337588335506666e+00 6.761375014122393168e+00
6.423719495499156551e+00 6.741771773558582481e+00
6.356527991823170964e+00 6.726689943026656238e+00
6.285360514447077662e+00 6.715327603840421489e+00
6.210025234306343123e+00 6.706988477471611532e+00
6.130560826756848769e+00 6.703157646607706965e+00
6.047239278162763298e+00 6.701210300593430702e+00
5.960552386279871939e+00 6.700598455005803089e+00
5.871183829182612612e+00 6.700917903349164817e+00
5.779969631027327637e+00 6.701793812579836640e+00
5.687850495881505708e+00 6.702867885886718113e+00
5.595819793830926869e+00 6.703789819580180165e+00
5.504870978774945911e+00 6.704213384097585049e+00
5.415947933159898753e+00 6.703796940625380785e+00
5.329901223608160876e+00 6.702207786037234882e+00
5.247452579136464124e+00 6.699129418577996375e+00
5.169169139637418198e+00 6.694270642767861546e+00
5.095448231332468936e+00 6.687375377867994075e+00
5.026512668537364448e+00 6.678232086517510879e+00
4.962415908060577863e+00 6.666681877861975636e+00
4.903055827070332384e+00 6.652624538814762900e+00
4.848195482692247538e+00 6.636021981922368695e+00
4.797488952429105780e+00 6.616898846978784832e+00
4.750510244468571841e+00 6.595340232853033058e+00
4.706783297198583682e+00 6.571486750096283913e+00
4.666335054867921883e+00 6.545527261165972277e+00
4.628198143947464871e+00 6.517689806539038955e+00
4.591832985027885172e+00 6.488231295707720392e+00
4.556827586720864076e+00 6.457426577185088945e+00
4.522832835720727473e+00 6.425557490311604170e+00
4.489570639762895610e+00 6.392902453963671405e+00
4.456836910864275580e+00 6.359727069632555185e+00
4.424499806808434244e+00 6.326276116834179675e+00
4.392493870979741644e+00 6.292767208752394481e+00
4.360810869032356152e+00 6.259386260605225516e+00
4.329488216737026107e+00 6.226284812907380228e+00
4.298595928931298715e+00 6.193579150322676696e+00
4.268222999419357677e+00 6.161351070205256519e+00
4.238464054956729399e+00 6.129650086263410458e+00
4.209407022949598343e+00 6.098496802639402858e+00
4.181122419463044082e+00 6.067887163583492338e+00
4.153654716924883417e+00 6.037797273186498614e+00
4.127016094079898778e+00 6.008188484661133089e+00
4.101182716438906084e+00 5.979012479755311915e+00
4.076093550778331576e+00 5.950216089825318022e+00
4.051651587133200394e+00 5.921745652211740207e+00
4.027727232089127085e+00 5.893550740426491075e+00
4.004163550314423503e+00 5.865587155708254841e+00
3.980782968806160227e+00 5.837819115743315024e+00
3.957395020622733739e+00 5.810220622456455430e+00
3.933804690148498651e+00 5.782776031223676227e+00
3.909820929248361665e+00 5.755479880318290498e+00
3.885264939701791320e+00 5.728336067468973170e+00
3.859977857795492184e+00 5.701356481863314229e+00
3.833827531143050749e+00 5.674559214422316700e+00
3.806714138701899230e+00 5.647966475501362993e+00
3.778574471371520360e+00 5.621602350020822314e+00
3.749384758527902761e+00 5.595490514694375861e+00
3.719161992152329788e+00 5.569652031529386704e+00
3.687963762322887362e+00 5.544707629389876047e+00
3.655886674353531873e+00 5.520189201570673276e+00
3.623063466182919967e+00 5.495958642588874454e+00
3.589658984841697986e+00 5.472008851473646018e+00
3.555865210661103504e+00 5.448323105280422851e+00
3.521895539755895754e+00 5.424874815137144424e+00
3.487978546186731421e+00 5.401627679475922150e+00
3.454351448432625205e+00 5.378536211136150769e+00
3.421253499721878200e+00 5.355546601599115775e+00
3.388919509499864091e+00 5.332597876068092546e+00
3.357573685413207443e+00 5.309623286006598164e+00
3.327423962064166574e+00 5.286551880921678048e+00
3.298656957678794299e+00 5.263310199571122894e+00
3.271433669996476112e+00 5.239824020487930056e+00
3.245885994508661554e+00 5.216020114314659395e+00
3.222114117747459261e+00 5.191827944254754357e+00
3.200184810170448202e+00 5.167181266566757358e+00
3.180130615894576351e+00 5.142019589179170680e+00
3.161949912060244117e+00 5.116289454336282461e+00
3.145607788755150125e+00 5.089945518090161158e+00
3.131037681856959409e+00 5.062951408201541881e+00
3.118143675941190907e+00 5.035280348640725379e+00
3.106803382926990764e+00 5.006915547559827928e+00
3.096871294010760778e+00 4.977850351091973380e+00
3.088182497630931778e+00 4.948088172607157276e+00
3.080556654855207910e+00 4.917642211350965908e+00
3.073802125139572183e+00 4.886534980045752263e+00
3.067720139106349109e+00 4.854797663218477055e+00
3.062108921770722247e+00 4.822469331848395768e+00
3.056767677309871090e+00 4.789596041000976356e+00
3.051500356558371152e+00 4.756229837852941955e+00
3.046119138846314911e+00 4.722427708093590581e+00
3.040447571363110058e+00 4.688250487790782017e+00
3.034323320968759674e+00 4.653761766296582891e+00
3.027600505267436404e+00 4.619026804055891944e+00
3.020151581444260103e+00 4.584111487620674552e+00
3.011957778615013126e+00 4.549081340459878220e+00
3.002861044290128234e+00 4.514000605852260151e+00
2.992768874950414215e+00 4.478931416259428033e+00
2.981638685337273387e+00 4.443933058168539674e+00
2.969449007980600186e+00 4.409061341454133753e+00
2.956198809071864275e+00 4.374368076507806791e+00
2.941906474446184916e+00 4.339900662286225952e+00
2.926608506020855316e+00 4.305701783722241771e+00
2.910357972241016000e+00 4.271809216525497277e+00
2.893222757008132362e+00 4.238255733859176644e+00
2.875283652653322974e+00 4.205069109021195572e+00
2.856632341312050016e+00 4.172272205465986872e+00
2.837369308703799220e+00 4.139883146148775950e+00
2.817601731202174165e+00 4.107915551174727398e+00
2.797441375550150156e+00 4.076378834337873514e+00
2.777002546360634483e+00 4.045278547364858923e+00
2.756400113911311678e+00 4.014616761478890794e+00
2.735747650042938517e+00 3.984392475273551781e+00
2.715155696702439059e+00 3.954602039605077834e+00
2.694730186988707032e+00 3.925239589244000626e+00
2.674571034622275079e+00 3.896297472687791696e+00
2.654770903665919946e+00 3.867766672243732273e+00
2.635414166384705936e+00 3.839637206791365998e+00
2.616576053430051729e+00 3.811898511512907817e+00
2.598321996915345267e+00 3.784539789025501477e+00
2.580707163753302780e+00 3.757550327580673866e+00
2.563776174081866088e+00 3.730919783586131189e+00
2.547562996319427953e+00 3.704638425386718836e+00
2.532091008888599504e+00 3.678697337369584375e+00
2.517373216571357375e+00 3.653088584149799090e+00
2.503412607538919588e+00 3.627805334061548592e+00
2.490202636644042400e+00 3.602841944148593711e+00
2.477727819184181612e+00 3.578194007083283168e+00
2.465964419003810804e+00 3.553858363188254543e+00
2.454881214759623731e+00 3.529833079287044484e+00
2.444440327912232647e+00 3.506117398117993389e+00
2.434598096406787704e+00 3.482711660750709370e+00
2.425305978795748274e+00 3.459617206323372329e+00
2.416511473834887624e+00 3.436836252224082955e+00
2.408159041725483007e+00 3.414371758399710188e+00
2.400191013917336136e+00 3.392227279493880587e+00
2.392548480149415013e+00 3.370406808774049523e+00
2.385172141380806465e+00 3.348914616357859586e+00
2.378003119984057889e+00 3.327755086484529556e+00
2.370983718477489788e+00 3.306932555317388278e+00
2.364058120435018395e+00 3.286672211586818548e+00
2.357173027689512423e+00 3.267010811088738365e+00
2.350278229750145442e+00 3.247693153352855688e+00
2.343327102181845589e+00 3.228721845563967463e+00
2.336277032144678856e+00 3.210098740413712903e+00
2.329089770098178747e+00 3.191824832778337395e+00
2.321731707847519033e+00 3.173900171594112862e+00
2.314174084192544001e+00 3.156323787772606693e+00
2.306393119637576206e+00 3.139093638397724817e+00
2.298370083455282042e+00 3.122206567490110274e+00
2.290091295872187516e+00 3.105658283464407532e+00
2.281548069460384909e+00 3.089443352524511965e+00
2.272736594210599037e+00 3.073555207949510759e+00
2.263657770845910022e+00 3.057986174293517934e+00
2.254316997396088595e+00 3.042727505633564533e+00
2.244723914371277829e+00 3.027769437065188640e+00
2.234892113738240482e+00 3.013101247857747467e+00
2.224838817317575490e+00 2.998711335652814114e+00
2.214584529812853475e+00 2.984587299910316460e+00
2.204152671759928239e+00 2.970716033405523149e+00
2.193569197863851628e+00 2.957083820509041061e+00
2.182862205386371102e+00 2.943676440716416209e+00
2.172061537616244209e+00 2.930479276041268122e+00
2.161198386800222693e+00 2.917477421084157641e+00
2.150304900833887700e+00 2.904655794263788948e+00
2.139413797654995619e+00 2.891999249073677447e+00
2.128557990753577656e+00 2.879492684030964256e+00
2.117770229218493228e+00 2.867121150517021988e+00
2.107082755093941273e+00 2.854869956965529809e+00
2.096526980595243117e+00 2.842724768952365366e+00
2.086133187092926278e+00 2.830671703944943829e+00
2.075930248235252407e+00 2.818697420272627596e+00
2.065945377770802338e+00 2.806789199434177817e+00
2.056203904026531859e+00 2.794935021200188885e+00
2.046729071261850663e+00 2.783123631212191640e+00
2.037541868526730582e+00 2.771344600674609637e+00
2.028660886253490503e+00 2.759588377677545168e+00
2.020102200242106960e+00 2.747846330263172376e+00
2.011879283082251391e+00 2.736110781013820770e+00
2.004002941992055753e+00 2.724375033230870713e+00
1.996481282489256159e+00 2.712633388669900114e+00
1.989319696977943863e+00 2.700881157074007888e+00
1.982520876877586602e+00 2.689114657965518518e+00
1.976084847216569074e+00 2.677331214399572445e+00
1.970009022194588511e+00 2.665529139658218583e+00
1.964288280097733264e+00 2.653707716823163310e+00
1.958915056240201125e+00 2.641867171962047678e+00
1.953879451985883975e+00 2.630008641188368301e+00
1.949169358426004806e+00 2.618134132142557746e+00
1.944770592783768848e+00 2.606246480472663052e+00
1.940667046020806197e+00 2.594349301791197604e+00
1.936840839741378772e+00 2.582446939668415098e+00
1.933272491044661479e+00 2.570544410174960603e+00
1.929941083190968243e+00 2.558647343665114704e+00
1.926824440937323857e+00 2.546761923984348641e+00
1.923899308799789765e+00 2.534894826263524692e+00
1.921141530723687652e+00 2.523053153039626295e+00
1.918526229910710867e+00 2.511244369872628113e+00
1.916027987314535608e+00 2.499476240762277257e+00
1.913621017740823049e+00 2.487756763304759033e+00
1.911279342244668555e+00 2.476094105113560317e+00
1.908976955916457996e+00 2.464496540658700496e+00
1.906687989953368856e+00 2.452972390065013997e+00
1.904386867292103602e+00 2.441529959314692633e+00
1.902048450930649892e+00 2.430177482772677422e+00
1.899648184349260305e+00 2.418923067907570612e+00
1.897162223332159670e+00 2.407774642973862456e+00
1.894567558866199875e+00 2.396739907358977462e+00
1.891842130573948566e+00 2.385826285002593750e+00
1.888964930490672600e+00 2.375040881332068921e+00
1.885916096805047459e+00 2.364390443215569348e+00
1.882676997623164539e+00 2.353881322862406478e+00
1.879230304554383224e+00 2.343519444973907184e+00
1.875560055998519715e+00 2.333310277561366775e+00
1.871651710575022776e+00 2.323258806703933033e+00
1.867492190400369623e+00 2.313369514629783907e+00
1.863069914688892936e+00 2.303646361755426142e+00
1.858374823758438765e+00 2.294092772024640681e+00
1.853398393840123504e+00 2.284711622000003217e+00
1.848133642907285434e+00 2.275505233350457956e+00
1.842575127965190518e+00 2.266475368654909062e+00
1.836718934219859989e+00 2.257623230503639888e+00
1.830562656425243517e+00 2.248949463664729365e+00
1.824105373002637975e+00 2.240454160195412214e+00
1.817347613335712708e+00 2.232136867456546270e+00
1.810291318717261788e+00 2.223996598690035853e+00
1.802939797441084124e+00 2.216031846168306174e+00
1.795297674594237947e+00 2.208240596486547247e+00
1.787370836996686307e+00 2.200620348250566849e+00
1.779166373836304160e+00 2.193168131469036553e+00
1.770692513416705083e+00 2.185880528853857641e+00
1.761958556671814335e+00 2.178753698666668015e+00
1.752974807861008344e+00 2.171783398920496211e+00
1.743752502715850028e+00 2.164965012812871237e+00
1.734303735005212843e+00 2.158293575257602015e+00
1.724641381495601422e+00 2.151763800236921043e+00
1.714779025893292896e+00 2.145370108712057799e+00
1.704730882248966850e+00 2.139106657277778822e+00
1.694511718322317506e+00 2.132967366944257037e+00
1.684136778973041260e+00 2.126945952353679559e+00
1.673621710133446072e+00 2.121035950753110910e+00
1.662982483894737129e+00 2.115230751112875396e+00
1.652235324493247504e+00 2.109523622935711273e+00
1.641396636143397814e+00 2.103907744676661196e+00
1.630482932343127800e+00 2.098376231710034290e+00
1.619537831909184433e+00 2.093047153974069374e+00
1.608568984894446885e+00 2.087891226370587106e+00
1.597576169461063955e+00 2.082796138649385398e+00
1.586575673382213836e+00 2.077755042118909046e+00
1.575583568915391197e+00 2.072761156477966438e+00
1.564615657496943868e+00 2.067807792956912749e+00
1.553687417834481721e+00 2.062888376036383420e+00
1.542813956700484823e+00 2.057996464298369688e+00
1.532009963444835421e+00 2.053125769969440739e+00
1.521289667429556403e+00 2.048270177274346793e+00
1.510666798910534681e+00 2.043423759481768798e+00
1.500154553328940210e+00 2.038580794855036515e+00
1.489765558872278461e+00 2.033735780982127039e+00
1.479511847342365627e+00 2.028883448241643350e+00
1.469404828422085529e+00 2.024018771611693523e+00
1.459455267093545672e+00 2.019136981300064804e+00
1.449673264539597994e+00 2.014233572199330524e+00
1.440068241817499484e+00 2.009304311932240239e+00
1.430648926858594905e+00 2.004345247554695675e+00
1.421423344682153811e+00 1.999352711407439642e+00
1.412398809964798829e+00 1.994323325219696130e+00
1.403581922904123758e+00 1.989254003507042512e+00
1.394978567675281056e+00 1.984141955623229592e+00
1.386593913388679766e+00 1.978984686644210456e+00
1.378432417649747777e+00 1.973779997364502492e+00
1.370497832433358099e+00 1.968525983129396195e+00
1.362793212205616555e+00 1.963221031764945224e+00
1.355320924169319596e+00 1.957863820531159149e+00
1.348082660526671361e+00 1.952453312269383900e+00
1.341079452533705307e+00 1.946988750612902663e+00
1.334311686348229387e+00 1.941469654511777776e+00
1.327779120489395837e+00 1.935895811931871435e+00
1.321480904652418076e+00 1.930267272953599900e+00
1.315415600003035479e+00 1.924584342221308475e+00
1.309581200571557247e+00 1.918847570806931913e+00
1.303975155845620293e+00 1.913057747495216177e+00
1.298594394149660047e+00 1.907215889676038501e+00
1.293435347054838758e+00 1.901323233787437061e+00
1.288493974394697261e+00 1.895381225336635111e+00
1.283765789890168207e+00 1.889391508671863562e+00
1.279245887251164504e+00 1.883355916361281857e+00
1.274928966771113892e+00 1.877276458420922722e+00
1.270809362053370251e+00 1.871155311424402612e+00
1.266881067011382811e+00 1.864994807241558306e+00
1.263137762899788186e+00 1.858797421873489952e+00
1.259572845392796125e+00 1.852565764203930598e+00
1.256179451479766840e+00 1.846302564523242040e+00
1.252950486268019858e+00 1.840010663419846537e+00
1.249878649451858337e+00 1.833693000300584686e+00
1.246956461548762718e+00 1.827352602433123252e+00
1.244176289597163532e+00 1.820992573735523479e+00
1.241530372541348015e+00 1.814616083802278013e+00
1.668533272319984064e+02 1.623175580278111454e+02
1.641088382542060913e+02 1.604468278182046674e+02
1.668533272319984064e+02 1.623175580278111454e+02
1.690195350962632972e+02 1.638071197542850541e+02
1.858441321746905714e+02 1.676791636783815704e+02
2.153572470645700605e+02 1.735675728009822478e+02
2.345770044863670876e+02 2.076480132156814307e+02
2.890633718057965780e+02 2.460508272964816285e+02
4.040510180813653278e+02 3.057331150458340971e+02
4.233370662247319842e+02 3.892912738425327461e+02
4.497456380580214841e+02 3.623920525631826308e+02
5.316835180003041614e+02 3.237141958126956069e+02
5.754932925744443537e+02 4.263966003200523005e+02
5.025283834763112623e+02 3.911609830207887626e+02
3.998114887273986255e+02 4.001711502600888934e+02
3.554571877280333183e+02 3.256125722156881466e+02
3.894822467138824322e+02 3.491339343592474052e+02
4.167542265202656608e+02 4.043817949851741673e+02
4.569587164455322181e+02 3.239346724797331945e+02
4.445689945581074767e+02 3.474658596735450260e+02
4.401783254281301652e+02 3.859163876637744011e+02
4.735750317223869388e+02 3.708648559337076449e+02
4.556207999708303191e+02 3.620926598546808464e+02
4.963665105860353606e+02 3.425519299410947269e+02
4.858506017131364842e+02 3.706596825080887925e+02
4.086173749104335684e+02 3.317358916677893035e+02
4.647534423724174530e+02 2.873061547231760642e+02
4.957216273253375221e+02 3.175448202161935569e+02
4.738462414342099578e+02 3.766288654201512145e+02
4.419149387574130401e+02 4.128551120468488307e+02
4.261569835651440599e+02 4.559864734716352928e+02
4.432824855574972389e+02 4.667625877033809729e+02
4.514668501419553195e+02 4.148681809181935023e+02
4.170090983021848388e+02 3.682473954240099374e+02
3.858128050684238701e+02 3.716196659272897591e+02
3.728473348551295317e+02 3.843279646657687749e+02
3.503578309664152926e+02 3.808331108573853498e+02
3.325808162675409676e+02 3.832465524395508965e+02
3.208699189386764488e+02 4.121937607800122692e+02
3.118622408939930324e+02 4.295660282826777348e+02
3.307053152242472720e+02 4.128308401317587482e+02
3.503297159185696046e+02 3.752438154750806234e+02
3.552245729178575289e+02 3.214362442272182534e+02
3.916674367964699286e+02 2.753065393904752796e+02
4.118487147156841388e+02 2.522350192738989563e+02
3.994947971843942014e+02 2.485852496134492640e+02
3.771420638068870517e+02 2.568576486537410801e+02
3.507624001788489636e+02 2.602230588391481660e+02
3.137270998887235578e+02 2.494445693358155438e+02
2.678681008337616163e+02 2.345730008019148158e+02
2.725181177170572369e+02 2.203205705028502450e+02
2.745240400223769939e+02 1.999845645505659490e+02
2.620182160282306540e+02 1.946142420921078724e+02
2.464522694193425423e+02 1.910537436994979998e+02
2.389293976210124697e+02 1.868932701071818769e+02
2.452950344204475641e+02 1.786081256264276931e+02
2.593298437688278000e+02 1.715148160592517002e+02
2.721571771593972358e+02 1.644084367124092125e+02
2.715080790058893285e+02 1.552078034781411873e+02
2.546565869077450373e+02 1.454579691189375978e+02
2.318294181589696450e+02 1.382965761190989440e+02
2.169384682132219382e+02 1.315002125035726976e+02
2.145385953884983792e+02 1.266830084790629769e+02
2.159180239108664239e+02 1.236684830567450319e+02
2.103888270104486651e+02 1.199581777013066528e+02
1.982417169177413712e+02 1.171967175837759498e+02
1.860203854107758161e+02 1.158266557195102138e+02
1.690779331064382518e+02 1.143671313620800163e+02
1.522523243966696214e+02 1.104744555230948180e+02
1.418991390723253971e+02 1.034713287947644886e+02
1.388620694836573364e+02 9.503318116273618443e+01
1.381096501970865802e+02 8.916438146805997178e+01
1.403436476387090863e+02 8.578418437527082574e+01
1.425503968137267634e+02 8.147679729367625612e+01
1.433791462846510569e+02 7.808975368509042880e+01
1.417830650664298560e+02 7.497663168258301880e+01
1.374860412664720570e+02 7.135006600035967494e+01
1.324696387060920415e+02 6.734643037272454080e+01
1.261549822898586086e+02 6.232712829973138469e+01
1.188584395151246440e+02 5.982159074962682155e+01
1.114086324052663599e+02 5.708244248097940954e+01
1.042456426347744696e+02 5.428963539030853269e+01
9.754145379069274213e+01 5.427183994167563696e+01
9.271581697822756496e+01 5.265763952385452029e+01
9.060073633968991658e+01 4.894419411268414422e+01
9.028214757851844752e+01 4.491108962492045009e+01
8.846395381919073486e+01 4.401770212020308293e+01
8.545489129406540485e+01 4.257269395177017657e+01
8.349465451149083606e+01 4.119426594661335628e+01
8.164352183535905283e+01 4.031373498388374799e+01
7.913978405235887692e+01 4.082919379505752744e+01
7.622308244368824148e+01 4.154968313910006117e+01
7.332084358690636350e+01 4.139412970884465892e+01
7.078245855002471387e+01 4.152424471137310036e+01
6.890080665265388404e+01 4.196944609110150282e+01
6.744873926329766789e+01 4.196880876870872612e+01
6.601589393755043034e+01 4.135031177447758921e+01
6.401272229626171395e+01 3.990169164050337258e+01
6.107985998720484133e+01 3.762327361457425923e+01
5.715618938733253174e+01 3.456272264548697137e+01
5.440889231562226769e+01 3.101620921471639747e+01
5.444173821881844333e+01 2.906108641955570704e+01
5.442472598967418662e+01 2.866953035796491633e+01
5.440131836778806473e+01 2.822653689372550900e+01
5.437137382210408987e+01 2.782562500989709520e+01
5.426164065949166115e+01 2.706539522756201421e+01
5.400908215430860082e+01 2.591760093784227337e+01
5.357434823367708532e+01 2.442892635417437930e+01
5.285707095836892222e+01 2.332111457981810787e+01
5.188074344244182612e+01 2.285737289409635764e+01
5.060730566646100215e+01 2.218164090148630407e+01
4.908925964633010608e+01 2.252645367502993423e+01
4.737510875105820674e+01 2.281504838838876736e+01
4.550442750049809604e+01 2.289376068944021370e+01
4.355457983982900316e+01 2.272210403813046042e+01
4.154582885752550681e+01 2.228824911646651685e+01
3.950957469799321586e+01 2.159713209723316396e+01
3.746433787913535696e+01 2.066355126862984548e+01
3.754414203394237859e+01 1.951497310361636295e+01
3.760892510015726486e+01 1.873565044955125103e+01
3.760356086520442886e+01 1.822932180949099035e+01
3.749280987679233590e+01 1.759551177838137903e+01
3.728796460320089068e+01 1.686396625052556431e+01
3.695406872953248012e+01 1.645988538541934076e+01
3.649096448191920672e+01 1.643554748312891434e+01
3.589901289801738216e+01 1.642186239673748105e+01
3.516929635774181406e+01 1.640675500000571674e+01
3.432702135256135989e+01 1.637729942262768645e+01
3.337981343847589244e+01 1.632144503075852526e+01
3.234189572800096357e+01 1.623417767367088516e+01
3.124354814298931160e+01 1.610616047535556561e+01
3.009772195109761128e+01 1.593178853543547291e+01
2.891586904284147863e+01 1.574594353227448096e+01
2.772506294656368198e+01 1.550215919708679735e+01
2.652146544404313033e+01 1.517098450355987893e+01
2.531980686962049276e+01 1.479903880619501422e+01
2.432109289705341837e+01 1.443763558871002317e+01
2.400884790023032878e+01 1.405561525987947391e+01
2.373800871705807225e+01 1.365954970434746940e+01
2.350672313129089019e+01 1.329431851403896303e+01
2.330928637764597511e+01 1.328013318649581720e+01
2.310297639627466992e+01 1.336340898292527868e+01
2.284801981775350299e+01 1.338095141229823071e+01
2.250080328350028225e+01 1.335336412840578646e+01
2.204769808085939076e+01 1.329621651756540501e+01
2.149107340727186966e+01 1.321537727915708871e+01
2.085203901445471786e+01 1.308616782637407283e+01
2.016304513663455111e+01 1.287999658505621170e+01
1.944208370295793031e+01 1.265410267258684485e+01
1.871555254908368227e+01 1.256982782508256946e+01
1.801124894100054519e+01 1.244008346812560717e+01
1.735763158016881391e+01 1.226220911111121836e+01
1.677991187103727100e+01 1.203631988652304585e+01
1.629629832966976721e+01 1.176451819022585710e+01
1.591706876751051425e+01 1.145010066949052430e+01
1.564583599025242222e+01 1.109690105216995448e+01
1.548024640845734723e+01 1.070975138492072176e+01
1.541042695979128041e+01 1.029410462260962333e+01
1.541642429576246798e+01 9.850779452236068323e+00
1.546774732133941654e+01 9.384038866499352594e+00
1.552726199905511351e+01 8.898887004582732629e+00
1.556881512751382957e+01 8.867295777678634749e+00
1.565670878345494543e+01 9.080581443032031075e+00
1.568611783983064356e+01 9.259695336263746412e+00
1.565433048204462807e+01 9.396443884517736933e+00
1.556653777307452913e+01 9.483378667985732591e+00
1.541786347813082614e+01 9.514463384258476708e+00
1.520584847911756299e+01 9.488787866209023036e+00
1.493008343636189750e+01 9.405638914863530431e+00
1.459722587771359770e+01 9.262088177460000793e+00
1.420254469396634533e+01 9.061956472266857077e+00
1.374530223642189242e+01 8.811656658943675779e+00
1.322836015787227382e+01 8.519765884164272052e+00
1.302883181529473688e+01 8.470440211482838322e+00
1.332918342727448646e+01 8.449365430660947140e+00
1.360334946891039465e+01 8.411914585996129290e+00
1.384329912884000180e+01 8.357669613729086677e+00
1.404146433254159376e+01 8.286748651228464269e+00
1.419714231379732894e+01 8.201467436683117285e+00
1.429974297812061934e+01 8.101570628893853154e+00
1.434504331002774791e+01 7.988016158609127615e+00
1.433084194389978450e+01 7.862585503295861145e+00
1.426333335648033085e+01 7.727322843033391564e+00
1.413816202007856759e+01 7.584457466008018400e+00
1.395737856258065790e+01 7.436326158789427154e+00
1.372545260992947647e+01 7.285298305939534202e+00
1.344864897584845664e+01 7.133706015043856041e+00
1.313818475581972223e+01 6.983781136117897859e+00
1.279541817029682704e+01 6.837600582994411980e+00
1.242782764108430626e+01 6.697040908213523380e+00
1.204290497410981686e+01 6.563742651509812731e+00
1.164788862479160514e+01 6.439084586960973411e+00
1.124953946710654407e+01 6.324167648735340208e+00
1.085396495734055122e+01 6.219808019814820454e+00
1.046649387911945439e+01 6.126538633933080291e+00
1.018594308049195263e+01 6.044618160624679604e+00
1.003673050271335399e+01 5.995845954322774674e+00
9.881331118732660457e+00 5.944043038232464937e+00
9.721234384095069458e+00 5.880239799886638252e+00
9.557851811350147386e+00 5.827002122177248111e+00
9.392498252092437383e+00 5.797451057267892338e+00
9.226378163779727970e+00 5.776212186990335340e+00
9.060576507154465276e+00 5.762450676002828232e+00
8.896053828165705113e+00 5.755424105489765907e+00
8.733645022394185276e+00 5.753404140572712322e+00
8.574061244255418046e+00 5.755266552767153598e+00
8.417894417446760258e+00 5.759904550250922739e+00
8.265623809891067708e+00 5.766249776954538220e+00
8.117624164060899261e+00 5.773290306643758640e+00
7.974174910944739736e+00 5.780085542275884336e+00
7.835470041398721719e+00 5.785778021175048025e+00
7.701628261272517761e+00 5.789602204569547439e+00
7.572703111543333421e+00 5.790890395196839791e+00
7.448692789181578178e+00 5.789075979315185805e+00
7.329549459259752098e+00 5.783694229764279271e+00
7.215187899908769964e+00 5.774380935395384995e+00
7.105493368282978395e+00 5.760869140345022288e+00
7.000328618947960990e+00 5.742984285141375267e+00
6.899540042655090133e+00 5.721150241887528409e+00
6.802962924789781596e+00 5.694888163381904178e+00
6.710425849789672270e+00 5.664224014414969588e+00
6.621754297812358914e+00 5.629274513105258393e+00
6.550956076529605099e+00 5.590211099057171396e+00
6.565888621653716228e+00 5.547251234457519331e+00
6.579801317672394845e+00 5.500649818203612540e+00
6.592498825821753172e+00 5.450690872555526312e+00
6.603786074650901838e+00 5.397679636514851609e+00
6.613465842322870714e+00 5.341935174306684075e+00
6.621337432348941121e+00 5.283783582803891932e+00
6.627196264040907892e+00 5.223551858694293060e+00
6.630834230508202864e+00 5.161562465531744692e+00
6.632040705507638023e+00 5.098128620646832587e+00
6.630604102203182748e+00 5.033550305867549923e+00
6.626313901742282297e+00 4.968110990463458165e+00
6.618963078016026458e+00 4.902075042083936296e+00
6.608350846630305142e+00 4.835685791796834110e+00
6.594285664279954773e+00 4.769164209759139794e+00
6.577130934346371305e+00 4.702708142849417072e+00
6.556615282615496199e+00 4.636492060301236506e+00
6.532168937841845491e+00 4.570667250442795648e+00
6.503665371193221745e+00 4.505362410976260890e+00
6.471002917840962709e+00 4.440684574201270607e+00
6.434107464503142637e+00 4.376720310005396186e+00
6.392934759630009012e+00 4.313537152021410748e+00
6.347472265329372476e+00 4.251185193625872216e+00
6.297740483877134920e+00 4.189698805396631087e+00
6.243793707091356282e+00 4.129098428595909809e+00
6.185720154394005021e+00 4.069392403527956503e+00
6.123641485236078097e+00 4.010578796169568250e+00
6.057711690275539240e+00 3.952647190836898972e+00
5.988115385798721491e+00 3.895580421138049587e+00
5.991348931268888123e+00 3.839356216025691992e+00
5.998228347636043623e+00 3.783948741287815665e+00
6.003768267898934141e+00 3.729330022349870433e+00
6.007820264595878257e+00 3.675471236214264081e+00
6.010253294125007528e+00 3.622343865191226087e+00
6.010954683822504307e+00 3.569920708034544532e+00
6.009830789910168392e+00 3.518176746302117408e+00
6.006807322734360355e+00 3.467089867341030640e+00
6.001829345226227019e+00 3.416641446685218853e+00
5.994860957829999393e+00 3.366816795176703181e+00
5.985884689810021086e+00 3.317605477069093922e+00
5.974900623382794151e+00 3.269001507378391125e+00
5.961925281364031548e+00 3.221003437439151185e+00
5.946990312919709254e+00 3.173614338074287389e+00
5.930141014887752249e+00 3.126841690881803970e+00
5.911434727048302307e+00 3.080697198358677724e+00
5.890939140336243440e+00 3.035196522886337789e+00
5.868730556640414875e+00 3.003280576637948229e+00
5.844892136834872076e+00 2.995432738828853303e+00
5.819512171574800163e+00 2.988994797088921018e+00
5.792682406907672998e+00 2.983876501957851701e+00
5.764496452439246355e+00 2.979967607780267258e+00
5.735048296991820393e+00 2.977139283098253486e+00
5.704430951429870333e+00 2.975245832606773888e+00
5.672735235725170355e+00 2.974126703923715809e+00
5.640048721198994031e+00 2.973608745368650830e+00
5.606454836503374395e+00 2.973508673838509253e+00
5.572032140672902756e+00 2.973635706751551311e+00
5.536853763636329973e+00 2.973794308860519209e+00
5.500987010861038584e+00 2.973787002393905254e+00
5.464493125631136650e+00 2.973417188262132527e+00
5.427427200419018050e+00 2.972491927643417853e+00
5.389838225573342356e+00 2.970824634323648183e+00
5.351769262806058691e+00 2.968237632486520283e+00
5.313257728966576110e+00 2.964564537796135824e+00
5.274335774588919890e+00 2.959652425360431494e+00
5.235030741663152298e+00 2.953363753160587635e+00
5.195365683972752890e+00 2.945578015655186732e+00
5.155359934662968158e+00 2.936193108336951241e+00
5.115029704909332509e+00 2.925126390318141034e+00
5.074388699187196039e+00 2.912315437964238640e+00
5.033448733035086775e+00 2.897718488721906738e+00
4.992220340739052631e+00 2.881314579591375491e+00
4.950713360849889000e+00 2.863103390078535426e+00
4.908937490150904637e+00 2.843104803872151365e+00
4.866902796553816302e+00 2.821358207918123640e+00
4.824620183842355914e+00 2.798028419143079759e+00
4.782101802886657538e+00 2.773197801397614626e+00
4.739361404413514833e+00 2.746848983477789830e+00
4.696414630287520708e+00 2.719089455160897728e+00
4.653279242600959265e+00 2.690039458953393137e+00
4.609975288793478398e+00 2.659830238429563565e+00
4.566525205052542447e+00 2.628602217678704278e+00
4.522953858513076852e+00 2.596503139634947388e+00
4.479288531890645686e+00 2.563686191941556558e+00
4.435558853541309077e+00 2.530308146250277446e+00
4.391796677647519687e+00 2.496527535674900378e+00
4.348035918430880997e+00 2.462502892631633244e+00
4.304312344760958808e+00 2.428391067487169153e+00
4.260663339123723858e+00 2.394345645440367321e+00
4.217127628229221159e+00 2.360515477127151485e+00
4.173744989479430956e+00 2.327043335168596627e+00
4.130555940014758676e+00 2.294064707078646848e+00
4.087601413611494650e+00 2.261706731804693504e+00
4.044922430847194050e+00 2.230087285032382738e+00
4.002559767537107405e+00 2.199314215748486845e+00
3.960553626908634328e+00 2.190562201286127220e+00
3.918943319340954190e+00 2.193830080436043772e+00
3.877766954261872456e+00 2.195939597860331105e+00
3.837061147693432872e+00 2.196858567532387951e+00
3.796860748876909497e+00 2.196566509877072804e+00
3.757198588478289025e+00 2.195054238435375282e+00
3.718105251310092285e+00 2.192323350152207695e+00
3.679608874501766991e+00 2.188385631223525252e+00
3.641734973860778268e+00 2.183262390499010053e+00
3.604506298034223732e+00 2.176983732376982061e+00
3.568010654244744728e+00 2.169587781089092005e+00
3.532381336065327559e+00 2.161119868303273961e+00
3.497450037300723125e+00 2.151631694879768020e+00
3.463227180001695160e+00 2.141180477972909557e+00
3.429720127181781208e+00 2.129828093449930293e+00
3.396933210244924339e+00 2.117640223147816414e+00
3.364867781789826040e+00 2.104685515819880948e+00
3.333522292155748801e+00 2.091034769904752011e+00
3.302892387422389220e+00 2.076760144890329229e+00
3.272971028168967678e+00 2.061934408151671505e+00
3.243748625919351980e+00 2.046630222461942594e+00
3.215471421910507388e+00 2.030919478943530976e+00
3.187898648199762874e+00 2.014872679103234532e+00
3.160980324184521351e+00 1.998558369589034100e+00
3.134698069648067076e+00 1.982042631001775135e+00
3.109031856998655030e+00 1.965388623265596379e+00
3.083960212828088743e+00 1.948656187576659704e+00
3.059460422905459609e+00 1.931901505611392622e+00
3.035508738667914486e+00 1.915176815357142459e+00
3.012265724516950627e+00 1.898530182583442638e+00
2.989635855839409828e+00 1.882005326510068244e+00
2.967474876411401397e+00 1.865641497812873695e+00
2.945756860332480187e+00 1.849473406507684103e+00
2.924455861196733508e+00 1.833531197176114347e+00
2.903546092367363940e+00 1.822078433922598606e+00
2.883002097845277945e+00 1.813244392702728192e+00
2.862798913585251626e+00 1.804153955496332173e+00
2.842912218260138957e+00 1.794818154152636680e+00
2.823318472523610012e+00 1.785248625510831744e+00
2.803995046773238187e+00 1.775457545363479994e+00
2.784920336581748757e+00 1.773104689371919562e+00
2.766073865784605346e+00 1.770651874556804728e+00
2.747436377017479003e+00 1.768057933034086204e+00
2.729167816453326623e+00 1.765322269459446147e+00
2.711176862155724621e+00 1.762447427886016271e+00
2.693341572989510269e+00 1.759438850768290763e+00
2.675648355279435009e+00 1.756304626197177754e+00
2.658085105076196442e+00 1.753055226520316978e+00
2.640641224298150291e+00 1.749703240837860108e+00
2.623307626181002661e+00 1.746263104656989640e+00
2.606076729993645813e+00 1.742750828722435585e+00
2.588942446076060833e+00 1.739183729827871616e+00
2.571900151563085046e+00 1.735580165525405505e+00
2.554946657364297380e+00 1.732175439854657384e+00
2.538080167304968882e+00 1.728849861992969750e+00
2.521300229768229428e+00 1.725544074172105979e+00
2.504607682904378407e+00 1.722278167441075425e+00
2.488004593661997887e+00 1.719072051193691664e+00
2.471494191932350759e+00 1.715945248641403964e+00
2.455080799708838413e+00 1.712916706488798013e+00
2.438769756633945462e+00 1.710004619541180659e+00
2.422567342358405540e+00 1.707226270768117615e+00
2.406480696206443781e+00 1.704597887081220620e+00
2.390517734894700652e+00 1.702134511195438904e+00
2.374687068968768244e+00 1.699849889493819433e+00
2.358997918599442301e+00 1.697756375879365009e+00
2.343460028854195798e+00 1.695864851479385038e+00
2.328083585568919034e+00 1.694184659787609348e+00
2.312879131778089459e+00 1.692723557051252214e+00
2.297857485608318484e+00 1.691487677069929418e+00
2.283029659581615078e+00 1.690481510304564949e+00
2.268419055660075401e+00 1.689707896177608859e+00
2.257140189809561548e+00 1.689168028280803924e+00
2.250096368588074824e+00 1.688861471455496144e+00
2.243269019823074473e+00 1.688786190199792259e+00
2.236652755360537981e+00 1.688938587349369413e+00
2.230242001906063365e+00 1.689313552389833717e+00
2.224031017866892057e+00 1.689904518491132990e+00
2.218013909976562559e+00 1.690703527387270810e+00
2.212184649727660712e+00 1.691701301155447368e+00
2.206537089447138555e+00 1.692887320338016366e+00
2.201064978123341120e+00 1.694249907144879330e+00
2.195761976887425249e+00 1.695776313239733213e+00
2.190621674082777304e+00 1.697452811253427285e+00
2.185637599930615238e+00 1.699264789051269986e+00
2.180803240904552354e+00 1.701196846190399015e+00
2.176112053392117218e+00 1.703232891888731615e+00
2.171557477257138657e+00 1.705356243506869873e+00
2.167132948599956421e+00 1.707549725410174801e+00
2.162831912162928916e+00 1.709795767025028113e+00
2.158842794499008733e+00 1.712076500005608182e+00
2.154977679674715318e+00 1.714373853618056387e+00
2.151213456763883869e+00 1.716669648249265379e+00
2.147543743252839477e+00 1.718945686061672973e+00
2.143962221296618509e+00 1.721183838895925078e+00
2.140462646986719619e+00 1.723366132868434875e+00
2.137038859173202354e+00 1.725474829169073132e+00
2.133684787571922925e+00 1.727492501122654289e+00
2.130394460578912685e+00 1.729402106975797437e+00
2.127162012446291328e+00 1.731187058314574756e+00
2.123981689867008527e+00 1.732831284094757507e+00
2.120847858359496740e+00 1.734319289831731226e+00
2.117755007841054748e+00 1.735636212142892987e+00
2.114697757908373887e+00 1.736767868449717866e+00
2.111670862552358585e+00 1.737700801804933803e+00
2.108669214572813644e+00 1.738422320895736561e+00
2.105687849309191506e+00 1.738920535166656123e+00
2.102721948118499995e+00 1.739184385160299939e+00
2.099766841354806957e+00 1.739203668170560491e+00
2.096818010992222980e+00 1.738969059166450393e+00
2.093871092771308895e+00 1.738472127284879321e+00
2.090921878079910812e+00 1.737705347906924658e+00
2.087966315284660368e+00 1.736662110386717472e+00
2.085000510884214009e+00 1.735336721778551805e+00
2.082020730295056410e+00 1.733724406613148972e+00
2.079023398191651495e+00 1.731821302806750396e+00
2.076005098624676748e+00 1.729624454139596423e+00
2.072962574893693954e+00 1.727131799316524052e+00
2.069892729030556211e+00 1.724342157786125540e+00
2.066792621028156418e+00 1.721255212584040351e+00
2.063659467883638854e+00 1.717871490564178316e+00
2.060490642365124359e+00 1.714192339843251034e+00
2.057283671538328917e+00 1.710219905093438797e+00
2.054036235058532611e+00 1.705957100534035931e+00
2.050746163320667392e+00 1.701407581147762471e+00
2.047411435412954006e+00 1.696575711981680001e+00
2.044030176835889279e+00 1.691466536154806022e+00
2.040600657132102924e+00 1.686085741272293603e+00
2.037121287290659666e+00 1.680439624970134105e+00
2.033590617136809442e+00 1.674535059292068695e+00
2.030007332443432233e+00 1.668379454442586507e+00
2.026370252049758847e+00 1.662052014524277865e+00
2.022678324796373772e+00 1.655533499393612828e+00
2.018930626432933195e+00 1.648788763366582089e+00
2.015126356414924658e+00 1.641827072820859712e+00
2.011264834562183523e+00 1.634658040626135289e+00
2.007345497819272850e+00 1.627291588574706793e+00
2.003367896741195864e+00 1.619737910246811907e+00
1.999331692195568166e+00 1.612007434390733351e+00
1.995236651690078133e+00 1.604110788699443901e+00
1.991082646107400933e+00 1.596058764456728341e+00
1.986869645950804397e+00 1.587862281785390905e+00
1.982597717946276816e+00 1.579532355803138444e+00
1.978267021420919036e+00 1.571080063780726732e+00
1.973877804823217730e+00 1.562516513195049583e+00
1.969430402112351430e+00 1.553852810986398936e+00
1.968104465368796241e+00 1.545100033767056402e+00
1.968902709352605029e+00 1.536269199412316766e+00
1.969607058287564882e+00 1.527371239802931768e+00
1.970212304188734720e+00 1.518416974762629934e+00
1.970713562512955264e+00 1.509417087334412599e+00
1.971106270589061182e+00 1.500382100552059228e+00
1.971386185544233172e+00 1.491322355175697112e+00
1.971549381446365601e+00 1.482247989168143931e+00
1.971592245935298138e+00 1.473168918220807200e+00
1.971511476262875817e+00 1.464094817883932365e+00
1.971304074823692076e+00 1.455035106891926944e+00
1.970967344227446461e+00 1.445998931954790123e+00
1.970498881849252371e+00 1.436995153662763869e+00
1.969896574083449536e+00 1.428032334066273279e+00
1.969158590064452596e+00 1.419118725299966854e+00
1.968283375122027223e+00 1.410262259430936638e+00
1.967269643910967147e+00 1.401470539889459133e+00
1.966116373247913884e+00 1.392750833803773958e+00
1.964822794664414118e+00 1.384110065589965188e+00
1.963388386748974312e+00 1.375554811889713847e+00
1.961812867318130316e+00 1.367091297348423495e+00
1.960096185323763507e+00 1.358725391792148685e+00
1.958238512760416938e+00 1.350462608086644423e+00
1.956240236285211154e+00 1.342308101417046373e+00
1.954101948835941016e+00 1.334266669151446649e+00
1.951824441243715569e+00 1.326342751906821604e+00
1.949408693607310283e+00 1.318540435244329956e+00
1.946855866800305535e+00 1.310863452512393224e+00
1.944167293958216192e+00 1.303315188155437454e+00
1.941344471860119825e+00 1.295898682030355076e+00
1.938389052459442041e+00 1.288616634212274903e+00
1.935302834476587464e+00 1.281471410620696361e+00
1.932087754902440224e+00 1.274465049198596489e+00
1.928745880791083778e+00 1.267599266653604673e+00
1.925279400905182570e+00 1.260875465655743710e+00
1.921690617799740153e+00 1.254294742766404624e+00
1.917981939698492511e+00 1.247857896449175996e+00
1.914155872579485163e+00 1.241565435819182994e+00
